2318 98 3004 2058 2174 1858 1547 2175 1027 1475 2403 1036
2344 151 3097 2212 2202 1978 1550 2323 996 1598 2423 1123
2346 122 3111 2199 2191 1961 1543 2314 972 1589 2394 1099
2329 127 3173 2199 2205 1988 1557 2372 960 1642 2380 1114
2371 82 3171 2195 2197 1955 1545 2332 955 1593 2384 1080
11 975 2044 224 1828 1145 2199 1764 1512 2347 979 970
68 914 2176 122 1928 1076 2314 1707 1624 2304 1045 905
107 895 2229 113 1955 1062 2337 1686 1679 2283 1067 893
306 1291 1568 70 1741 877 2324 1066 2410 1598 980 1193
317 1347 1578 148 1744 941 2324 1128 2407 1662 988 1251
262 1407 1486 129 1693 918 2283 1077 2385 1611 945 1268
265 1413 1426 112 1658 885 2237 1029 2330 1553 932 1249
244 1437 1471 221 1661 993 2232 1160 2311 1681 919 1320
253 1411 1526 292 1675 1059 2233 1254 2290 1766 925 1340
34 875 2007 73 1814 997 2195 1581 1564 2159 969 864
50 874 2011 141 1801 1045 2159 1634 1514 2186 972 888
89 624 2196 129 1847 1018 2136 1648 1442 2129 1022 757
180 2173 663 127 1254 781 1890 729 2135 1408 699 1440
123 1633 1290 127 1559 904 2149 1052 2204 1667 831 1300
138 1591 1350 171 1575 942 2148 1115 2169 1725 841 1295
68 1492 1369 134 1546 922 2104 1134 2095 1741 786 1233
150 1617 1538 462 1626 1214 2150 1474 2089 2079 860 1438
53 661 2031 166 1748 965 1994 1579 1319 2029 974 684
37 774 1918 168 1724 980 2007 1583 1334 2061 954 748
55 815 1853 78 1740 928 2052 1526 1379 2033 972 742
95 789 1911 159 1761 988 2044 1598 1350 2068 1009 770
96 933 1723 151 1705 980 2033 1555 1368 2072 977 839
1973 94 3203 1238 2386 1584 1908 2070 1208 1522 2299 906
1927 179 3210 1267 2382 1656 1914 2165 1175 1602 2261 986
1708 274 3041 1143 2285 1629 1892 2163 1100 1668 2085 1023
1776 242 3192 1060 2410 1600 2028 2149 1196 1652 2168 1004
1772 250 3158 1004 2420 1541 2071 2071 1263 1615 2164 980
1746 323 3117 1067 2404 1604 2057 2146 1249 1702 2150 1037
1652 325 2953 1015 2301 1545 1971 2066 1194 1666 2065 1003
1668 263 2970 948 2324 1484 1994 2003 1222 1617 2092 941