746 1009 956 1112 1309 1134 1691 457 1577 1069 1476 1643
711 985 936 1110 1306 1131 1714 432 1587 1073 1479 1666
453 952 707 1099 1116 1139 1612 402 1444 1093 1289 1737
359 877 647 1053 1074 1086 1635 323 1437 1054 1262 1722
390 895 716 1105 1140 1129 1750 370 1531 1117 1339 1790
484 849 939 1113 1263 1133 1979 391 1693 1164 1454 1837
612 804 988 1132 1405 1132 2226 444 1866 1228 1571 1886
630 702 1023 1102 1450 1127 2423 489 1949 1274 1571 1926
654 669 1069 1147 1496 1180 2596 618 2028 1391 1567 2025
823 655 1227 1212 1624 1228 2812 832 2153 1521 1631 2061
691 590 1128 1273 1543 1245 2843 974 2086 1613 1509 2096
679 705 1168 1455 1575 1308 2899 1175 2118 1719 1558 2103
359 988 985 1807 1418 1488 2820 1413 2014 1915 1475 2236
441 1017 969 1806 1425 1518 2704 1571 1955 1967 1466 2215
605 823 976 1642 1488 1497 2791 1552 1968 2003 1431 2290
614 705 991 1480 1505 1378 2822 1292 2007 1845 1467 2211
564 609 948 1271 1464 1242 2745 868 1996 1610 1468 2135
532 643 904 1175 1413 1196 2558 626 1932 1457 1465 2093
642 767 971 1148 1438 1184 2351 512 1898 1328 1540 1989
736 786 1029 1065 1461 1113 2208 403 1863 1177 1580 1836
717 926 975 1131 1387 1175 1991 456 1740 1182 1531 1834
604 984 864 1151 1268 1161 1750 419 1587 1131 1454 1767
787 1060 956 1177 1285 1199 1607 627 1495 1164 1398 1669
837 1032 1005 1162 1336 1187 1689 623 1559 1166 1445 1671
800 1064 982 1213 1316 1234 1697 671 1551 1224 1429 1738
922 1019 1113 1182 1436 1203 1843 659 1680 1207 1545 1709
930 1036 1139 1216 1464 1242 1913 708 1727 1261 1567 1764
680 811 921 1059 1286 1082 1842 534 1592 1146 1390 1673
749 1008 1004 1299 1369 1300 1962 802 1691 1401 1467 1920
969 998 1216 1318 1567 1310 2193 885 1888 1448 1643 1920
1132 846 1344 1195 1677 1226 2360 899 1982 1408 1677 1827
963 879 1180 1306 1526 1341 2305 1104 1848 1584 1482 1976
934 913 1175 1398 1527 1384 2331 1232 1859 1668 1490 2017
824 911 1144 1445 1498 1326 2318 1242 1859 1629 1522 1915
745 970 1035 1529 1419 1398 2205 1408 1753 1739 1431 1983
478 862 621 1004 954 1032 1269 511 1145 1025 1042 1493
667 1014 813 1167 1135 1177 1438 686 1322 1183 1224 1635
737 1081 892 1240 1207 1247 1529 769 1405 1262 1299 1710
815 1134 978 1304 1286 1305 1623 843 1491 1329 1383 1773
923 1164 1099 1348 1399 1343 1754 897 1616 1378 1499 1813
859 988 1055 1218 1369 1203 1781 773 1606 1271 1468 1703
909 1126 1110 1394 1428 1373 1880 993 1677 1478 1511 1895
937 1130 1130 1429 1451 1418 1955 1088 1706 1559 1503 1962
846 904 1034 1255 1371 1261 1941 995 1631 1445 1379 1817
957 812 1107 1188 1425 1221 2019 1052 1512 1604 1374 1757
1042 1174 1220 1572 1530 1536 2098 1438 1776 1782 1520 2055
617 1175 852 1639 1203 1544 1811 1482 1479 1815 1225 2077
743 1099 981 1550 1316 1434 1879 1421 1580 1711 1357 1929
749 1009 954 1466 1298 1377 1839 1375 1541 1658 1315 1874
460 1073 579 1221 893 1239 1173 796 1058 1248 956 1674
548 1028 671 1185 981 1205 1266 771 1146 1223 1040 1641
646 1069 776 1236 1078 1252 1380 836 1250 1282 1138 1692
779 1123 918 1299 1210 1304 1518 906 1387 1345 1277 1744
730 992 890 1186 1188 1176 1507 778 1381 1226 1277 1624
729 1251 905 1479 1210 1445 1549 1075 1417 1519 1307 1914
816 1173 998 1423 1298 1380 1653 1051 1512 1480 1396 1848
936 1010 1095 1288 1391 1278 1804 1009 1597 1411 1432 1752
1069 1091 1223 1382 1510 1368 1931 1145 1714 1519 1539 1834
1142 1220 1299 1534 1577 1505 2010 1354 1782 1686 1595 1964
987 1043 1174 1394 1457 1332 1911 1227 1677 1535 1495 1779
1049 1147 1232 1501 1509 1432 1956 1364 1724 1646 1543 1871
1002 1150 1179 1520 1465 1443 1898 1409 1668 1671 1495 1876
992 1096 1136 1475 1434 1421 1852 1412 1618 1661 1438 1858
603 1092 711 1241 993 1236 1212 854 1132 1260 1065 1631
685 1024 792 1179 1069 1183 1301 814 1025 1212 1129 1578
853 1074 965 1234 1230 1233 1467 883 1372 1269 1293 1620
975 1259 1098 1428 1354 1412 1589 1078 1502 1456 1430 1801
796 1146 933 1329 1205 1313 1464 973 1366 1367 1284 1719
867 1070 997 1280 1269 1272 1564 973 1432 1352 1321 1686
889 1087 1025 1321 1301 1302 1611 1027 1471 1403 1355 1728
832 1134 966 1393 1245 1375 1582 1142 1418 1503 1281 1815
756 1061 876 1350 1165 1353 1542 1162 1336 1506 1163 1805
962 1211 1069 1507 1341 1511 1719 1379 1502 1683 1319 1947
901 982 1013 1301 1287 1303 1681 1209 1448 1493 1261 1730
970 1249 1087 1576 1358 1555 1736 1493 1519 1757 1344 1977
980 1205 1091 1540 1364 1513 1726 1481 1519 1723 1351 1927
907 1168 1005 1510 1286 1484 1629 1469 1427 1701 1268 1895
584 1078 673 1227 934 1235 1145 903 1055 1269 979 1610  
702 997 792 1151 1053 1157 1259 834 1170 1195 1097 1525
831 1086 927 1245 1176 1247 1389 940 1298 1294 1221 1611
790 1238 893 1406 1145 1398 1362 1097 1276 1449 1200 1771
1186 892 1014 1004 1031 1249 1319 1470 976 1386 664 1314
1234 895 1038 1003 1046 1250 1307 1501 971 1392 663 1299
1322 912 1108 1023 1121 1275 1355 1540 1023 1421 730 1320
1335 1063 1106 1164 1106 1411 1304 1696 991 1551 717 1431
1322 1013 1069 1105 1062 1358 1216 1671 923 1497 666 1351
1324 997 1046 1083 1035 1336 1143 1669 870 1473 638 1308
1249 1161 968 1257 978 1499 1049 1818 806 1638 599 1489
1305 1081 1009 1189 1042 1436 1082 1745 857 1576 671 1439
1307 1109 1007 1220 1050 1466 1069 1762 862 1607 686 1480
1362 1088 1061 1184 1092 1436 1103 1725 896 1565 724 1439
1473 1041 1343 1102 1318 1321 1594 1515 1284 1416 997 1331
1680 1192 1547 1252 1515 1466 1787 1669 1478 1562 1195 1471
1526 1288 1389 1348 1361 1560 1614 1768 1315 1657 1040 1561
1511 1253 1357 1322 1336 1530 1577 1755 1277 1640 1005 1539
1550 1278 1375 1350 1354 1564 1568 1801 1276 1675 1019 1570
1574 1196 1385 1262 1359 1484 1550 1736 1264 1592 1011 1472
1437 1196 1230 1263 1207 1485 1376 1743 1101 1596 858 1471
1606 1116 1380 1166 1337 1392 1471 1675 1211 1494 982 1340
1361 975 1110 1021 1068 1259 1162 1556 917 1361 699 1192
1602 937 1328 984 1290 1224 1350 1526 1124 1325 929 1159
1427 871 1147 922 1118 1170 1160 1469 937 1271 747 1104
1424 801 1132 850 1113 1104 1139 1402 922 1205 735 1044
1472 864 1175 896 1144 1149 1161 1427 955 1237 777 1081
1468 1028 1339 1085 1322 1294 1569 1460 1281 1377 1018 1306
1544 1092 1410 1146 1388 1353 1632 1526 1345 1437 1084 1360
1534 1233 1398 1284 1366 1484 1594 1676 1316 1570 1067 1478
1515 1190 1369 1241 1340 1443 1562 1641 1287 1532 1035 1436
1472 1158 1318 1218 1297 1421 1511 1625 1235 1514 986 1423
1519 1128 1353 1188 1333 1396 1530 1607 1259 1494 1014 1396
1542 1154 1365 1209 1336 1417 1517 1637 1253 1509 1017 1401
1534 1004 1341 1056 1308 1272 1461 1510 1203 1365 970 1241
1399 971 1188 1011 1148 1233 1282 1489 1031 1323 804 1180
1369 937 1144 970 1092 1191 1198 1460 962 1280 751 1126
1454 986 1211 1014 1165 1237 1226 1503 1013 1318 825 1161
1390 924 1134 949 1096 1177 1136 1440 931 1257 752 1104
1394 899 1132 931 1107 1161 1129 1415 932 1242 761 1095
1426 868 1157 882 1122 1119 1135 1359 943 1186 774 1043
1498 520 1355 586 1352 812 1601 960 1307 898 1042 848
1432 857 1290 910 1286 1118 1511 1270 1235 1200 984 1140
1446 901 1209 957 1288 1167 1506 1326 1234 1245 981 1176
1429 1057 1287 1108 1267 1309 1474 1480 1212 1392 970 1308
1416 1051 1267 1105 1246 1299 1441 1489 1183 1387 942 1298
1423 1057 1254 1119 1243 1323 1422 1510 1167 1412 931 1327
1429 1044 1245 1089 1222 1297 1383 1506 1126 1381 906 1273
1338 1043 1146 1075 1104 1282 1237 1507 1001 1358 784 1230
1318 1156 1120 1186 1083 1386 1189 1609 964 1458 766 1329
1351 1222 1150 1231 1102 1426 1170 1659 970 1492 790 1345
1278 1172 1061 1182 1011 1383 1060 1612 872 1444 701 1299
1329 1202 1105 1208 1059 1405 1093 1633 913 1464 752 1324
1300 1056 1063 1066 1029 1276 1051 1495 870 1322 711 1197
1338 960 1088 978 1064 1196 1083 1401 905 1256 749 1138
1354 1074 1228 1118 1216 1304 1419 1438 1173 1369 945 1312
1434 1125 1306 1166 1289 1353 1487 1494 1242 1418 1015 1353
1425 1140 1290 1185 1277 1372 1467 1519 1223 1440 998 1373
1397 1127 1258 1175 1246 1364 1433 1516 1189 1436 964 1366
1502 1100 1353 1150 1238 1339 1518 1501 1274 1413 1054 1341
1477 1110 1322 1160 1306 1347 1471 1521 1234 1427 1020 1345
1378 1139 1213 1184 1198 1377 1344 1551 1116 1452 906 1369
1289 1138 1110 1184 1097 1377 1221 1557 1000 1452 802 1364
1390 1149 1197 1189 1178 1381 1276 1572 1070 1454 883 1355
1446 1202 1245 1241 1225 1432 1300 1625 1108 1504 957 1402
1385 1241 1174 1280 1159 1469 1208 1666 1031 1539 871 1436
1399 1231 1183 1259 1168 1452 1199 1643 1030 1515 881 1414
1302 1186 1078 1213 1067 1409 1094 1595 925 1473 779 1369
1229 1154 1002 1181 991 1379 1010 1553 847 1437 702 1344
1205 1460 1074 1500 1065 1676 1239 1807 1010 1739 800 1681
1228 1628 1084 1667 1076 1845 1229 1979 1009 1907 808 1847
1229 1569 1073 1598 1055 1781 1185 1926 973 1840 780 1764
720 1782 550 1800 517 1986 628 2143 420 2043 228 1954
1726 548 1168 532 1196 904 604 1258 788 954 938 724
1672 580 1102 584 1148 968 558 1362 728 1034 864 788
1832 684 1220 706 1264 1090 676 1536 832 1172 954 900
1875 724 1204 750 1242 1162 651 1701 777 1269 876 958
2010 896 1302 938 1312 1354 764 2016 828 1496 876 1126
1926 834 1173 918 1197 1356 687 2181 672 1560 666 1131
1983 1038 1227 1143 1242 1581 816 2499 717 1815 651 1347
1959 1113 1230 1260 1251 1686 906 2673 753 1959 642 1482
2052 1143 1326 1329 1359 1755 1107 2790 879 2064 726 1584
1872 1182 1182 1392 1218 1806 1044 2865 762 2142 582 1659
1986 813 1191 1041 1215 1536 1053 2751 705 1926 471 1368
1556 608 1084 598 1096 926 650 1216 746 972 836 786
1726 965 1213 1103 1211 1457 1154 2141 880 1692 670 1352
1689 897 1189 1010 1165 1386 1148 2057 839 1615 600 1279
1265 547 1330 556 1340 857 962 1115 1021 912 1070 752
1750 674 1317 679 1324 976 962 1246 1010 1031 1052 864
1666 605 1217 620 1230 923 866 1226 907 991 942 808
1561 730 1122 745 1142 1043 788 1353 818 1113 847 927
1618 729 1160 750 1173 1055 840 1402 844 1139 851 936
1732 616 1237 663 1254 993 946 1407 913 1110 888 881
1800 560 1284 630 1302 979 1043 1453 951 1118 880 860
1815 722 1315 807 1325 1141 1128 1653 993 1300 886 1031
1774 778 1294 882 1296 1211 1173 1751 984 1391 834 1109
1572 700 1104 818 1108 1159 1052 1721 801 1358 603 1073
1635 666 177 775 1166 1128 1148 1680 872 1319 652 1042
1670 674 1222 771 1202 1126 1204 1646 917 1305 691 1040
1691 583 1321 593 1328 862 1036 1072 1055 910 1075 780
1559 664 1185 688 1198 951 920 1187 928 1014 938 874
1560 664 1178 692 1195 958 925 1217 920 1029 920 876
1659 658 1260 689 1269 969 1020 1253 988 1045 966 880
1733 703 1330 746 1341 1030 1121 1337 1059 1119 1010 946
1706 655 1298 710 1307 997 1126 1332 1032 1104 959 923
1814 667 1407 738 1416 1027 1270 1387 1146 1149 1046 958
1609 666 1210 745 1221 1040 1127 1424 962 1174 827 973
1673 741 1294 819 1291 1108 1249 1499 1049 1244 885 1042
1696 676 1321 754 1312 1056 1299 1442 1073 1194 891 995
1724 608 1351 677 1335 988 1344 1361 1102 1120 903 932
1539 552 1201 560 1204 808 960 993 958 852 958 740
1415 692 1080 712 1096 953 862 1155 850 1007 842 890
1510 799 1176 821 1187 1054 969 1268 946 1113 930 989
1421 794 1083 819 1091 1066 906 1299 848 1131 803 999
1591 907 1260 939 1259 1182 1108 1426 1026 1255 959 1116
1586 753 1243 800 1246 1056 1137 1333 1018 1146 917 996
1660 811 1328 867 1328 1119 1253 1412 1110 1220 987 1063
1637 754 1308 809 1301 1069 1265 1377 1089 1176 939 1012
1632 747 1313 802 1299 1063 1293 1364 1098 1168 931 1009
1662 759 1354 805 1331 1069 1345 1351 1137 1166 959 1015
1739 781 1440 785 1435 1001 1236 1149 1218 1034 1206 942
1465 856 1176 873 1182 1084 997 1248 969 1129 949 1034
1461 941 1172 959 1178 1167 1005 1339 969 1216 940 1115
1511 1002 1224 1020 1227 1227 1072 1405 1022 1278 981 1174
1598 852 1300 877 1301 1099 1175 1296 1095 1159 1028 1044
1544 827 1247 863 1248 1088 1151 1305 1047 1160 959 1044
1632 844 1336 888 1339 1116 1269 1344 1145 1195 1038 1074
1410 874 1127 923 1130 1146 1095 1383 946 1234 821 1110
1371 965 1105 1019 1107 1238 1097 1469 936 1325 799 1207
1486 962 1223 1010 1219 1234 1224 1458 1052 1316 905 1201
1534 878 1270 914 1259 1144 1277 1356 1096 1219 939 1109
1766 785 1501 784 1484 978 1328 1099 1297 1007 1270 927
1628 865 1365 883 1367 1077 1228 1220 1182 1120 1144 1037
1543 796 1275 823 1280 1027 1165 1192 1094 1084 1032 993
1674 784 1403 820 1409 1026 1312 1200 1224 1086 1149 996
1716 798 1445 835 1449 1043 1371 1219 1271 1107 1184 1013
1704 835 1437 890 1449 1096 1391 1287 1277 1173 1180 1081
1446 789 1185 839 1197 1049 1157 1243 1029 1125 918 1028
1489 874 1235 931 1250 1138 1236 1335 1092 1220 969 1127
1641 860 1391 912 1394 1120 1399 1312 1241 1199 1106 1104
1609 944 1370 987 1367 1190 1377 1377 1217 1262 1078 1170
1605 856 1361 894 1354 1107 1373 1285 1207 1176 1060 1085
1543 1005 1123 1001 1140 1279 727 1535 824 1326 905 1165
1476 1008 1062 994 1075 1274 661 1519 762 1314 846 1159
1608 1157 1239 1151 1243 1398 911 1607 966 1435 1012 1303
1545 1170 1182 1166 1192 1411 857 1615 917 1447 966 1320
1588 943 1249 946 1253 1181 975 1364 1003 1222 1026 1108
1602 804 1250 811 1257 1057 976 1252 1000 1100 1019 981
1651 677 1323 696 1333 932 1084 1106 1092 975 1102 872
1624 751 1298 770 1311 1002 1069 1185 1072 1054 1077 948
1578 705 1283 720 1288 936 1088 1083 1077 976 1070 889
1603 719 1306 730 1311 945 1107 1093 1097 985 1089 897
1512 773 1218 792 1233 1007 1031 1163 1016 1053 1007 963
1802 614 1526 629 1526 835 1360 968 1328 876 1305 796
1751 568 1478 588 1482 791 1313 925 1283 832 1263 758
1546 837 1046 820 1082 1152 524 1467 703 1199 850 994
1484 882 989 878 1030 1201 489 1532 659 1258 797 1049
1436 744 1336 955 1311 1310 1988 1688 1379 1575 804 1477
1569 356 1395 648 1362 1070 2121 1630 1393 1434 724 1265
1551 389 1344 713 1321 1134 2076 1749 1331 1528 658 1341
1596 481 1335 843 1318 1260 2053 1973 1288 1690 613 1452
1639 613 1319 984 1307 1405 1999 2223 1220 1860 562 1573
1741 627 1346 1022 1317 1449 1958 2417 1173 1948 522 1571
1776 649 1300 1068 1266 1492 1834 2595 1059 2026 427 1566