746 1009 956 1112 1309 1134 1691 457 1577 1069 1476 1643
711 985 936 1110 1306 1131 1714 432 1587 1073 1479 1666
453 952 707 1099 1116 1139 1612 402 1444 1093 1289 1737
359 877 647 1053 1074 1086 1635 323 1437 1054 1262 1722
390 895 716 1105 1140 1129 1750 370 1531 1117 1339 1790
484 849 939 1113 1263 1133 1979 391 1693 1164 1454 1837
612 804 988 1132 1405 1132 2226 444 1866 1228 1571 1886
630 702 1023 1102 1450 1127 2423 489 1949 1274 1571 1926
654 669 1069 1147 1496 1180 2596 618 2028 1391 1567 2025
823 655 1227 1212 1624 1228 2812 832 2153 1521 1631 2061
691 590 1128 1273 1543 1245 2843 974 2086 1613 1509 2096
679 705 1168 1455 1575 1308 2899 1175 2118 1719 1558 2103
359 988 985 1807 1418 1488 2820 1413 2014 1915 1475 2236
441 1017 969 1806 1425 1518 2704 1571 1955 1967 1466 2215
605 823 976 1642 1488 1497 2791 1552 1968 2003 1431 2290
614 705 991 1480 1505 1378 2822 1292 2007 1845 1467 2211
564 609 948 1271 1464 1242 2745 868 1996 1610 1468 2135
532 643 904 1175 1413 1196 2558 626 1932 1457 1465 2093
642 767 971 1148 1438 1184 2351 512 1898 1328 1540 1989
736 786 1029 1065 1461 1113 2208 403 1863 1177 1580 1836
717 926 975 1131 1387 1175 1991 456 1740 1182 1531 1834
604 984 864 1151 1268 1161 1750 419 1587 1131 1454 1767
787 1060 956 1177 1285 1199 1607 627 1495 1164 1398 1669
837 1032 1005 1162 1336 1187 1689 623 1559 1166 1445 1671
800 1064 982 1213 1316 1234 1697 671 1551 1224 1429 1738
922 1019 1113 1182 1436 1203 1843 659 1680 1207 1545 1709
930 1036 1139 1216 1464 1242 1913 708 1727 1261 1567 1764
680 811 921 1059 1286 1082 1842 534 1592 1146 1390 1673
749 1008 1004 1299 1369 1300 1962 802 1691 1401 1467 1920
969 998 1216 1318 1567 1310 2193 885 1888 1448 1643 1920
1132 846 1344 1195 1677 1226 2360 899 1982 1408 1677 1827
963 879 1180 1306 1526 1341 2305 1104 1848 1584 1482 1976
934 913 1175 1398 1527 1384 2331 1232 1859 1668 1490 2017
824 911 1144 1445 1498 1326 2318 1242 1859 1629 1522 1915
745 970 1035 1529 1419 1398 2205 1408 1753 1739 1431 1983
478 862 621 1004 954 1032 1269 511 1145 1025 1042 1493
667 1014 813 1167 1135 1177 1438 686 1322 1183 1224 1635
737 1081 892 1240 1207 1247 1529 769 1405 1262 1299 1710
815 1134 978 1304 1286 1305 1623 843 1491 1329 1383 1773
923 1164 1099 1348 1399 1343 1754 897 1616 1378 1499 1813
859 988 1055 1218 1369 1203 1781 773 1606 1271 1468 1703
909 1126 1110 1394 1428 1373 1880 993 1677 1478 1511 1895
937 1130 1130 1429 1451 1418 1955 1088 1706 1559 1503 1962
846 904 1034 1255 1371 1261 1941 995 1631 1445 1379 1817
957 812 1107 1188 1425 1221 2019 1052 1512 1604 1374 1757
1042 1174 1220 1572 1530 1536 2098 1438 1776 1782 1520 2055
617 1175 852 1639 1203 1544 1811 1482 1479 1815 1225 2077
743 1099 981 1550 1316 1434 1879 1421 1580 1711 1357 1929
749 1009 954 1466 1298 1377 1839 1375 1541 1658 1315 1874
460 1073 579 1221 893 1239 1173 796 1058 1248 956 1674
548 1028 671 1185 981 1205 1266 771 1146 1223 1040 1641
646 1069 776 1236 1078 1252 1380 836 1250 1282 1138 1692
779 1123 918 1299 1210 1304 1518 906 1387 1345 1277 1744
730 992 890 1186 1188 1176 1507 778 1381 1226 1277 1624
729 1251 905 1479 1210 1445 1549 1075 1417 1519 1307 1914
816 1173 998 1423 1298 1380 1653 1051 1512 1480 1396 1848
936 1010 1095 1288 1391 1278 1804 1009 1597 1411 1432 1752
1069 1091 1223 1382 1510 1368 1931 1145 1714 1519 1539 1834
1142 1220 1299 1534 1577 1505 2010 1354 1782 1686 1595 1964
987 1043 1174 1394 1457 1332 1911 1227 1677 1535 1495 1779
1049 1147 1232 1501 1509 1432 1956 1364 1724 1646 1543 1871
1002 1150 1179 1520 1465 1443 1898 1409 1668 1671 1495 1876
992 1096 1136 1475 1434 1421 1852 1412 1618 1661 1438 1858
603 1092 711 1241 993 1236 1212 854 1132 1260 1065 1631
685 1024 792 1179 1069 1183 1301 814 1025 1212 1129 1578
853 1074 965 1234 1230 1233 1467 883 1372 1269 1293 1620
975 1259 1098 1428 1354 1412 1589 1078 1502 1456 1430 1801
796 1146 933 1329 1205 1313 1464 973 1366 1367 1284 1719
867 1070 997 1280 1269 1272 1564 973 1432 1352 1321 1686
889 1087 1025 1321 1301 1302 1611 1027 1471 1403 1355 1728
832 1134 966 1393 1245 1375 1582 1142 1418 1503 1281 1815
756 1061 876 1350 1165 1353 1542 1162 1336 1506 1163 1805
962 1211 1069 1507 1341 1511 1719 1379 1502 1683 1319 1947
901 982 1013 1301 1287 1303 1681 1209 1448 1493 1261 1730
970 1249 1087 1576 1358 1555 1736 1493 1519 1757 1344 1977
980 1205 1091 1540 1364 1513 1726 1481 1519 1723 1351 1927
907 1168 1005 1510 1286 1484 1629 1469 1427 1701 1268 1895
584 1078 673 1227 934 1235 1145 903 1055 1269 979 1610  
702 997 792 1151 1053 1157 1259 834 1170 1195 1097 1525
831 1086 927 1245 1176 1247 1389 940 1298 1294 1221 1611
790 1238 893 1406 1145 1398 1362 1097 1276 1449 1200 1771