1617 308 2864 1000 2242 1507 1913 2013 1164 1634 2031 969
1695 215 2832 1121 2181 1507 1797 1974 1115 1543 2047 922
120 1207 1533 404 1590 1128 1938 1620 1377 2150 919 1067
113 1192 1535 375 1588 1099 1942 1586 1392 2120 908 1043
155 1140 1602 281 1649 1024 2014 1514 1464 2061 953 977
199 1047 1745 233 1725 989 2076 1496 1498 1996 994 880
79 1606 1275 322 1459 1031 1982 1217 1960 1793 751 1341
138 1678 1302 413 1499 1109 2026 1281 2015 1847 804 1422
181 1743 1279 425 1517 1116 2054 1260 2070 1825 839 1472
157 1839 1219 482 1487 1159 2029 1279 2067 1842 821 1545
144 1786 1151 380 1446 1056 1993 1158 2047 1715 794 1465
161 1851 1074 368 1278 922 1830 993 1916 1553 651 1370
177 1833 1054 336 1402 998 1955 1057 2057 1608 784 1458
409 2215 863 499 1354 1047 1907 984 2136 1542 869 1639
176 1603 1228 465 1471 1141 2003 1254 2068 1746 809 1507
183 1732 1212 478 1473 1145 2008 1245 2081 1734 819 1528
184 1786 1149 528 1425 1165 1946 1251 2011 1729 800 1557
151 1803 1158 568 1412 1214 1930 1315 1986 1800 722 1588
774 2372 672 680 1296 1014 1801 818 2136 1352 1014 1673
538 2366 359 579 1054 915 1585 707 1933 1279 776 1606
466 2372 504 595 1142 990 1683 839 1971 1428 792 1646
135 2254 673 505 1174 1065 1732 1034 1906 1635 654 1637
81 2042 679 309 1151 907 1714 913 1858 1523 602 1451
83 2010 733 324 1172 926 1726 952 1852 1555 612 1445
120 2001 833 370 1232 976 1778 1022 1883 1627 655 1465
139 2063 908 472 1275 1076 1813 1139 1905 1743 685 1543
54 784 1666 199 1547 925 1820 1434 1252 1878 858 768
39 699 1691 72 1575 832 1857 1361 1270 1817 870 673
52 815 1636 180 1558 925 1843 1441 1256 1899 870 782
123 887 1671 292 1590 1016 1863 1530 1274 1971 921 867
144 895 1684 298 1608 1025 1882 1540 1284 1978 942 878
100 862 1640 245 1577 989 1851 1510 1247 1953 912 845
1933 206 3147 1079 2451 1487 2083 1953 1393 1517 2281 907
1891 119 3199 897 2485 1377 2156 1862 1425 1444 2252 826