1499 2129 207 1437 872 935 1170 447 1920 851 1134 1450
1228 2372 469 442 1321 620 1227 2371 2504 847 1192 1454
991 2428 139 353 1111 554 1732 146 2357 807 966 1448
994 2427 144 366 1121 555 1732 139 2360 799 986 1449
1141 2401 323 445 1243 591 1848 195 2461 858 1101 1444
973 2406 144 327 1130 523 1767 123 2382 827 970 1411
886 2384 50 245 1074 472 1730 69 2342 797 906 1381
1010 2381 193 353 1161 527 1805 141 2402 866 992 1397
934 2394 117 312 1118 509 1776 121 2372 867 941 1394
936 2394 142 325 1141 520 1792 132 2385 874 968 1400
1025 2356 177 434 1154 539 1802 856 2388 915 995 1379
984 2343 171 370 1165 503 1826 124 2401 908 993 1354
967 2408 114 521 1107 595 1762 222 2338 1004 948 1422
887 2389 45 421 1082 537 1758 169 2325 981 909 1380
983 2345 218 466 1163 581 1806 230 2348 989 985 1388
974 2403 69 494 1061 574 1701 181 2299 932 920 1417
977 2357 126 405 1103 530 1740 146 2331 880 948 1381
970 2422 19 451 1027 556 1661 144 2283 862 903 1429
996 2397 66 630 1041 628 1672 243 2259 995 916 1431
1047 2362 105 628 1064 611 1692 220 2283 963 949 1407
1108 2363 128 709 1071 639 1685 234 2294 960 980 1422
1045 2384 99 686 1045 645 1666 255 2256 990 930 1436
1125 2375 230 719 1125 681 1732 300 2308 1010 1006 1450
960 2358 88 578 1028 602 1666 242 2222 987 863 1403
1069 2387 71 764 986 669 1596 267 2200 967 882 1455
72 978 1869 56 1836 974 2216 1601 1501 2190 1026 840
81 1017 1876 75 1855 1009 2247 1637 1522 2238 1039 887
25 901 1963 39 1852 1006 2220 1663 1459 2242 1019 840
25 986 1902 71 1836 1037 2227 1677 1480 2281 1009 904
71 1035 1959 113 1883 1070 2287 1701 1557 2316 1044 947
72 880 2097 127 1895 1057 2241 1710 1496 2265 1058 858
193 1000 2106 189 1961 1086 2326 1721 1603 2287 1133 916
155 944 2096 105 1956 1009 2317 1651 1596 2222 1114 834
92 994 1962 151 1857 1015 2220 1633 1532 2204 1035 859
2318 98 3004 2058 2174 1858 1547 2175 1027 1475 2403 1036
2344 151 3097 2212 2202 1978 1550 2323 996 1598 2423 1123
2346 122 3111 2199 2191 1961 1543 2314 972 1589 2394 1099
2329 127 3173 2199 2205 1988 1557 2372 960 1642 2380 1114
2371 82 3171 2195 2197 1955 1545 2332 955 1593 2384 1080
11 975 2044 224 1828 1145 2199 1764 1512 2347 979 970
68 914 2176 122 1928 1076 2314 1707 1624 2304 1045 905
107 895 2229 113 1955 1062 2337 1686 1679 2283 1067 893
306 1291 1568 70 1741 877 2324 1066 2410 1598 980 1193
317 1347 1578 148 1744 941 2324 1128 2407 1662 988 1251
262 1407 1486 129 1693 918 2283 1077 2385 1611 945 1268
265 1413 1426 112 1658 885 2237 1029 2330 1553 932 1249
244 1437 1471 221 1661 993 2232 1160 2311 1681 919 1320
253 1411 1526 292 1675 1059 2233 1254 2290 1766 925 1340
34 875 2007 73 1814 997 2195 1581 1564 2159 969 864
50 874 2011 141 1801 1045 2159 1634 1514 2186 972 888
89 624 2196 129 1847 1018 2136 1648 1442 2129 1022 757
180 2173 663 127 1254 781 1890 729 2135 1408 699 1440
123 1633 1290 127 1559 904 2149 1052 2204 1667 831 1300
138 1591 1350 171 1575 942 2148 1115 2169 1725 841 1295
68 1492 1369 134 1546 922 2104 1134 2095 1741 786 1233
150 1617 1538 462 1626 1214 2150 1474 2089 2079 860 1438
53 661 2031 166 1748 965 1994 1579 1319 2029 974 684
37 774 1918 168 1724 980 2007 1583 1334 2061 954 748
55 815 1853 78 1740 928 2052 1526 1379 2033 972 742
95 789 1911 159 1761 988 2044 1598 1350 2068 1009 770
96 933 1723 151 1705 980 2033 1555 1368 2072 977 839
1973 94 3203 1238 2386 1584 1908 2070 1208 1522 2299 906
1927 179 3210 1267 2382 1656 1914 2165 1175 1602 2261 986
1708 274 3041 1143 2285 1629 1892 2163 1100 1668 2085 1023
1776 242 3192 1060 2410 1600 2028 2149 1196 1652 2168 1004
1772 250 3158 1004 2420 1541 2071 2071 1263 1615 2164 980
1746 323 3117 1067 2404 1604 2057 2146 1249 1702 2150 1037
1652 325 2953 1015 2301 1545 1971 2066 1194 1666 2065 1003
1668 263 2970 948 2324 1484 1994 2003 1222 1617 2092 941
1617 308 2864 1000 2242 1507 1913 2013 1164 1634 2031 969
1695 215 2832 1121 2181 1507 1797 1974 1115 1543 2047 922
120 1207 1533 404 1590 1128 1938 1620 1377 2150 919 1067
113 1192 1535 375 1588 1099 1942 1586 1392 2120 908 1043
155 1140 1602 281 1649 1024 2014 1514 1464 2061 953 977
199 1047 1745 233 1725 989 2076 1496 1498 1996 994 880
79 1606 1275 322 1459 1031 1982 1217 1960 1793 751 1341
138 1678 1302 413 1499 1109 2026 1281 2015 1847 804 1422
181 1743 1279 425 1517 1116 2054 1260 2070 1825 839 1472
157 1839 1219 482 1487 1159 2029 1279 2067 1842 821 1545
144 1786 1151 380 1446 1056 1993 1158 2047 1715 794 1465
161 1851 1074 368 1278 922 1830 993 1916 1553 651 1370
177 1833 1054 336 1402 998 1955 1057 2057 1608 784 1458
409 2215 863 499 1354 1047 1907 984 2136 1542 869 1639
176 1603 1228 465 1471 1141 2003 1254 2068 1746 809 1507
183 1732 1212 478 1473 1145 2008 1245 2081 1734 819 1528
184 1786 1149 528 1425 1165 1946 1251 2011 1729 800 1557
151 1803 1158 568 1412 1214 1930 1315 1986 1800 722 1588
774 2372 672 680 1296 1014 1801 818 2136 1352 1014 1673
538 2366 359 579 1054 915 1585 707 1933 1279 776 1606
466 2372 504 595 1142 990 1683 839 1971 1428 792 1646
135 2254 673 505 1174 1065 1732 1034 1906 1635 654 1637
81 2042 679 309 1151 907 1714 913 1858 1523 602 1451
83 2010 733 324 1172 926 1726 952 1852 1555 612 1445
120 2001 833 370 1232 976 1778 1022 1883 1627 655 1465
139 2063 908 472 1275 1076 1813 1139 1905 1743 685 1543
54 784 1666 199 1547 925 1820 1434 1252 1878 858 768
39 699 1691 72 1575 832 1857 1361 1270 1817 870 673
52 815 1636 180 1558 925 1843 1441 1256 1899 870 782
123 887 1671 292 1590 1016 1863 1530 1274 1971 921 867
144 895 1684 298 1608 1025 1882 1540 1284 1978 942 878
100 862 1640 245 1577 989 1851 1510 1247 1953 912 845
1933 206 3147 1079 2451 1487 2083 1953 1393 1517 2281 907
1891 119 3199 897 2485 1377 2156 1862 1425 1444 2252 826