1499 2129 207 1437 872 935 1170 447 1920 851 1134 1450
1228 2372 469 442 1321 620 1227 2371 2504 847 1192 1454
991 2428 139 353 1111 554 1732 146 2357 807 966 1448
994 2427 144 366 1121 555 1732 139 2360 799 986 1449
1141 2401 323 445 1243 591 1848 195 2461 858 1101 1444
973 2406 144 327 1130 523 1767 123 2382 827 970 1411
886 2384 50 245 1074 472 1730 69 2342 797 906 1381
1010 2381 193 353 1161 527 1805 141 2402 866 992 1397
934 2394 117 312 1118 509 1776 121 2372 867 941 1394
936 2394 142 325 1141 520 1792 132 2385 874 968 1400
1025 2356 177 434 1154 539 1802 856 2388 915 995 1379
984 2343 171 370 1165 503 1826 124 2401 908 993 1354
967 2408 114 521 1107 595 1762 222 2338 1004 948 1422
887 2389 45 421 1082 537 1758 169 2325 981 909 1380
983 2345 218 466 1163 581 1806 230 2348 989 985 1388
974 2403 69 494 1061 574 1701 181 2299 932 920 1417
977 2357 126 405 1103 530 1740 146 2331 880 948 1381
970 2422 19 451 1027 556 1661 144 2283 862 903 1429
996 2397 66 630 1041 628 1672 243 2259 995 916 1431
1047 2362 105 628 1064 611 1692 220 2283 963 949 1407
1108 2363 128 709 1071 639 1685 234 2294 960 980 1422
1045 2384 99 686 1045 645 1666 255 2256 990 930 1436
1125 2375 230 719 1125 681 1732 300 2308 1010 1006 1450
960 2358 88 578 1028 602 1666 242 2222 987 863 1403
1069 2387 71 764 986 669 1596 267 2200 967 882 1455  